place(9.815,1.000,-35.502,"Brawler",600)
place(4.445,1.000,-35.744,"Brawler",767)
upgrade(4.445,2.350,-35.744,1,801)
upgrade(9.815,2.350,-35.502,1,509)
upgrade(4.445,2.350,-35.744,1,1074)
upgrade(9.815,2.350,-35.502,1,1280)
place(6.181,1.000,-27.619,"Commander",1757)
upgrade(6.181,2.700,-27.619,1,1087)
upgrade(4.445,2.350,-35.744,1,2133)
upgrade(9.815,2.350,-35.502,1,2021)
place(11.300,1.000,-30.167,"Hacker",2341)
upgrade(11.300,2.403,-30.167,1,1120)
upgrade(11.300,2.403,-30.167,1,2537)
upgrade(9.815,2.350,-35.502,1,6715)
upgrade(4.445,2.350,-35.744,1,5412)
place(8.426,1.000,-25.582,"Scout",898)
upgrade(8.426,2.350,-25.582,1,679)
upgrade(8.426,2.350,-25.582,1,200)
upgrade(8.426,2.350,-25.582,1,2538)
upgrade(8.426,2.350,-25.582,1,5656)
place(11.129,1.000,-24.131,"Scout",4212)
upgrade(11.129,2.350,-24.131,1,4356)
upgrade(11.129,2.350,-24.131,1,4354)
upgrade(11.129,2.350,-24.131,1,3871)
upgrade(11.129,2.350,-24.131,1,5686)
place(5.528,1.000,-24.668,"Scout",7624)
upgrade(5.528,2.350,-24.668,1,7896)
upgrade(5.528,2.350,-24.668,1,10356)
upgrade(5.528,2.350,-24.668,1,10769)
upgrade(5.528,2.350,-24.668,1,8444)
place(7.966,1.000,-22.426,"Scout",4086)
upgrade(7.966,2.350,-22.426,1,3995)
upgrade(7.966,2.350,-22.426,1,3888)
upgrade(7.966,2.350,-22.426,1,3388)
upgrade(7.966,2.350,-22.426,1,6748)
place(10.733,1.000,-21.050,"Scout",2861)
upgrade(10.733,2.350,-21.050,1,3469)
upgrade(10.733,2.350,-21.050,1,3514)
upgrade(10.733,2.350,-21.050,1,3185)
upgrade(10.733,2.350,-21.050,1,7142)
upgrade(4.445,2.350,-35.744,1,17674)
upgrade(9.815,2.350,-35.502,1,15036)
upgrade(6.181,2.700,-27.619,1,12350)
upgrade(6.181,2.700,-27.619,1,12600)
ability(6.181,2.700,-27.619,"Call Of Arms","25/0")
upgrade(6.181,2.700,-27.619,1,17759)
